         0.10  45.41  45.42  55.73  43.74  46.53  45.12  61.71  64.70  79.21  98.42
         0.21  52.0  48.1  48.6  61.4  48.5  53.8  52.7  72.6  73.3  85.7
         0.31  57.7  52.6  50.8  53.4  58.0  52.0  57.6  62.4  78.7  79.8
         0.41  62.4  56.9  54.2  53.1  61.8  63.9  63.5  59.0  82.6  80.4
         0.51  66.4  60.6  57.6  54.9  56.9  63.6  56.9  59.4  73.4  84.6
         0.62  70.0  64.0  60.7  57.2  56.6  58.9  57.8  63.2  68.9  92.3
         0.72  73.1  67.0  63.5  59.6  57.6  58.2  62.1  74.4  66.5  84.1
         0.82  75.9  69.8  66.2  61.9  59.1  58.8  71.0  70.8  65.2  78.4
         0.93  78.5  72.3  68.7  64.2  60.7  59.8  76.2  64.7  64.9  75.0
         1.03  81.0  74.8  71.0  66.3  62.5  61.1  67.8  62.8  65.4  72.7
         1.13  83.3  77.1  73.3  68.4  64.2  62.5  64.9  62.7  66.7  71.1
         1.23  85.5  79.2  75.4  70.4  65.9  64.0  63.8  63.7  69.0  70.0
         1.34  87.6  81.3  77.5  72.4  67.7  65.6  63.4  65.5  72.8  69.3
         1.44  89.6  83.3  79.4  74.3  69.4  67.1  63.5  68.2  79.8  69.0
         1.54  91.5  85.2  81.4  76.2  71.1  68.6  63.8  72.1  91.0  69.0
         1.65  93.5  87.1  83.2  78.0  72.7  70.1  64.3  78.6  77.8  69.3
         1.75  95.4  89.0  85.1  79.8  74.4  71.7  65.0  91.6  73.3  69.8
         1.85  97.2  90.9  87.0  81.6  76.0  73.2  65.7  80.1  71.0  70.7
         1.95  99.1  92.7  88.8  83.4  77.7  74.7  66.5  75.1  69.6  71.9
         2.06 100.9  94.6  90.6  85.1  79.3  76.2  67.4  72.6  68.9  73.6
         2.16 102.8  96.5  92.5  86.9  80.9  77.7  68.2  71.0  68.6  75.7
         2.26 104.9  98.5  94.5  88.8  82.5  79.2  69.1  70.0  68.7  78.7
         2.37 107.0 100.5  96.4  90.6  84.2  80.6  70.0  69.4  69.0  83.4
         2.47 109.0 102.4  98.3  92.5  85.8  82.1  71.0  69.0  69.5  92.9
         2.57 110.9 104.4 100.2  94.4  87.5  83.6  71.9  68.8  70.2  92.9
         2.67 112.9 106.4 102.3  96.2  89.1  85.1  72.8  68.8  71.2  84.2
         2.78 114.6 108.5 104.5  98.2  90.8  86.6  73.8  68.8  72.3  80.3
         2.88 116.9 110.7 106.7 100.2  92.5  88.0  74.7  68.9  73.7  77.8
         2.98 120.4 113.5 108.9 102.3  94.0  89.5  75.6  69.1  75.3  76.2
         3.09 124.2 116.5 111.3 104.3  95.6  90.9  76.6  69.4  77.2  75.0
         3.19 124.9 118.7 114.0 106.2  97.1  92.2  77.5  69.7  79.7  74.2
         3.29 125.5 120.0 116.3 108.0  98.6  93.5  78.4  70.0  82.8  73.6
         3.47 129.4 123.1 118.1 109.9 100.6  95.6  80.0  70.6  93.1  73.2
         3.65 134.1 124.0 117.6 110.7 102.2  97.4  81.6  71.3  92.4  73.0
         3.83 129.5 122.2 117.2 111.2 103.6  99.0  83.1  72.1  84.3  73.1
         4.01 129.7 122.6 117.8 111.9 104.7 100.3  84.5  72.9  80.8  73.5
         4.19 129.8 123.6 119.2 113.2 105.8 101.2  85.9  73.7  78.6  74.1
         4.37 134.0 127.1 121.6 115.1 106.6 101.9  87.2  74.5  77.3  74.8
         4.54 143.7 133.1 125.8 116.8 107.2 102.3  88.4  75.3  76.3  75.8
         4.72 131.9 129.7 126.1 117.2 107.5 102.7  89.5  76.2  75.7  77.0
         4.90 133.4 127.1 122.7 115.2 107.8 103.0  90.5  77.0  75.2  78.4
         5.08 134.2 125.5 119.3 113.7 107.5 103.4  91.4  77.8  75.0  80.0
         5.26 131.4 123.6 118.2 112.8 107.1 103.9  92.2  78.7  74.8  81.9
         5.44 128.3 121.5 117.4 112.5 107.0 104.1  93.0  79.5  74.7  84.1
         5.62 128.8 122.0 117.5 112.1 107.2 104.4  93.8  80.3  74.7  87.0
         5.80 127.0 121.4 117.9 112.6 107.4 105.0  94.5  81.1  74.7  91.1
         5.98 125.7 120.6 118.1 113.7 107.7 105.6  95.1  81.8  74.8  98.1
         6.16 131.9 124.4 119.4 113.5 109.1 106.1  95.8  82.5  75.0 111.2
         6.33 130.2 124.3 120.5 115.2 110.0 106.9  96.4  83.2  75.1  96.8
         6.51 130.4 125.0 122.1 117.5 110.8 107.8  96.9  83.8  75.3  91.9
         6.69 137.9 130.8 125.6 118.5 112.8 108.9  97.3  84.4  75.5  89.0
         6.87 135.3 129.9 127.2 122.9 113.7 109.7  97.8  85.0  75.7  87.0
         7.05 145.4 146.4 136.1 123.0 115.8 111.4  98.0  85.5  76.0  85.5
         7.23 134.5 130.6 130.2 128.9 116.6 111.9  98.5  86.1  76.2  84.3
         7.41 140.3 141.2 142.3 123.6 118.7 114.7  98.6  86.6  76.5  83.5
         7.59 132.0 127.7 127.2 130.2 118.8 114.0  99.3  87.1  76.7  82.8
         7.77 135.4 133.8 137.2 123.6 120.4 118.0  99.4  87.5  77.0  82.2
         7.95 131.1 127.5 128.0 128.5 121.9 116.0 100.1  88.0  77.3  81.8
         8.12 132.1 128.3 128.9 129.1 123.9 119.2 100.3  88.5  77.5  81.4
         8.30 137.0 134.5 139.9 131.1 124.0 117.4 101.1  88.7  77.8  81.1
         8.48 135.9 133.2 137.0 134.2 126.1 118.1 101.3  89.2  78.1  80.9
         8.66 135.8 131.9 132.5 140.4 123.1 117.3 101.6  89.5  78.3  80.6
         8.84 145.3 145.0 138.3 126.1 121.0 116.4 102.2  89.8  78.6  80.5
         9.02 132.6 128.2 126.9 124.3 120.8 117.6 102.4  90.1  78.8  80.3
         9.20 130.1 125.6 124.6 125.9 119.4 114.3 102.5  90.3  79.1  80.2
         9.38 136.9 135.5 141.4 121.8 116.4 115.7 103.1  90.5  79.4  80.2
         9.56 130.1 125.6 124.4 122.5 117.0 114.3 103.5  90.7  79.6  80.1
         9.74 128.8 124.0 122.5 123.0 118.1 113.0 103.5  91.0  79.8  80.1
         9.91 137.2 134.1 132.4 121.1 115.5 114.5 104.4  91.1  80.0  80.0
        10.09 133.4 128.8 127.2 122.7 115.9 113.1 104.3  91.3  80.3  80.0
        10.27 131.5 126.6 124.6 123.3 116.9 112.5 103.9  91.6  80.5  80.0
        10.45 143.6 140.7 133.6 121.3 115.5 114.4 104.9  91.7  80.7  80.1
        10.63 132.7 127.7 125.4 121.3 116.8 114.6 104.9  91.9  80.9  80.1
        10.81 129.1 124.0 122.2 122.8 119.5 113.8 104.3  92.0  81.0  80.1
        10.99 131.8 127.2 126.1 124.3 116.6 114.4 104.7  92.2  81.2  80.2
        11.17 135.6 132.4 135.3 126.1 116.2 114.8 105.0  92.4  81.4  80.2
        11.35 131.9 127.1 125.6 126.4 120.5 115.1 104.6  92.4  81.5  80.3
        11.53 132.1 127.2 125.6 126.2 121.7 116.2 104.9  92.5  81.7  80.4
        11.70 137.2 133.3 133.8 127.7 118.4 116.8 105.3  92.7  81.8  80.4
        11.88 137.1 132.8 132.4 129.3 119.8 116.6 105.2  92.9  81.9  80.5
        12.06 134.5 129.6 127.9 129.0 124.3 116.9 105.1  92.9  82.1  80.5
        12.24 136.9 132.3 131.4 129.8 120.7 117.0 105.4  93.1  82.2  80.6
        12.42 138.8 135.1 136.5 129.6 118.7 117.1 105.5  93.3  82.3  80.7
        12.60 133.9 128.8 127.0 126.3 120.9 118.2 105.6  93.3  82.4  80.7
        12.78 132.1 126.9 124.7 124.8 125.5 119.8 105.8  93.3  82.6  80.8
        12.96 133.8 128.6 126.6 126.1 122.2 119.2 105.7  93.3  82.6  80.9
        13.14 138.5 134.1 133.4 130.7 120.1 118.2 105.4  93.3  82.7  80.9
        13.32 140.1 135.8 135.8 133.7 121.6 119.0 105.3  93.2  82.8  81.0
        13.49 137.2 132.1 130.1 130.3 126.9 121.9 105.5  93.1  82.9  81.1
        13.67 137.1 131.9 129.7 129.9 130.1 124.1 105.2  93.1  82.9  81.2
        13.85 139.7 134.6 132.7 133.1 127.1 123.2 104.7  93.0  83.0  81.3
        14.03 143.9 139.2 138.1 141.2 129.1 123.2 104.5  92.8  83.1  81.5
        14.21 148.1 143.6 142.8 145.2 139.1 123.8 104.7  92.7  83.1  81.6
        14.39 151.4 148.5 153.6 138.3 127.5 121.5 105.0  92.6  83.2  81.7
        14.57 142.7 137.5 135.1 131.0 122.4 118.5 104.9  92.4  83.2  81.8
        14.75 137.0 131.4 128.6 125.7 120.4 116.9 104.8  92.2  83.2  81.9
        14.93 134.2 128.4 125.3 122.4 119.3 116.4 104.7  92.0  83.2  82.1
        15.11 133.1 127.2 124.0 120.5 118.2 116.1 104.8  91.9  83.2  82.1
        15.28 133.4 127.3 123.9 119.8 117.0 115.5 104.9  91.8  83.3  82.2
        15.46 134.5 128.3 124.6 119.9 116.1 114.5 104.8  91.5  83.3  82.3
        15.64 135.8 129.5 125.6 120.4 115.7 113.7 104.7  91.3  83.4  82.3
        15.82 137.2 130.8 126.7 121.2 115.7 113.2 104.6  91.1  83.4  82.3
        16.00 138.6 132.1 127.9 121.9 115.8 113.2 104.3  90.9  83.4  82.4
        16.18 139.8 133.1 128.7 122.4 116.2 113.5 103.8  90.7  83.4  82.4
        16.36 139.0 132.5 128.3 122.5 116.9 114.3 103.2  90.4  83.3  82.4
        16.54 137.3 131.1 127.3 122.6 118.2 115.5 102.7  90.2  83.3  82.4
        16.72 136.3 130.4 127.0 123.4 120.2 116.5 102.2  89.9  83.2  82.5
        16.90 136.7 131.0 128.1 125.8 122.1 116.5 101.7  89.6  83.2  82.5
        17.07 138.0 132.7 130.4 131.3 122.9 115.8 101.1  89.4  83.2  82.5
        17.25 138.4 133.2 131.3 135.8 122.6 115.5 100.5  89.1  83.2  82.6
        17.43 136.8 131.3 128.8 127.7 122.2 115.9  99.9  88.9  83.2  82.7
        17.61 135.6 129.8 126.8 124.2 121.1 116.2  99.5  88.7  83.3  82.8
        17.79 136.1 130.2 126.9 123.1 118.9 114.9  99.0  88.5  83.3  82.9
        17.97 139.8 133.6 129.7 123.6 116.4 112.7  98.6  88.2  83.3  83.0
        18.15 151.9 141.8 134.2 123.6 114.4 110.8  98.0  87.9  83.3  83.2
        18.33 138.6 132.3 128.1 121.3 113.2 109.7  97.3  87.5  83.3  83.3
        18.51 132.7 126.7 123.1 118.4 112.6 109.3  96.6  87.3  83.3  83.5
        18.69 130.1 124.1 120.7 116.6 112.3 109.1  96.0  87.1  83.2  83.8
        18.86 129.6 123.6 120.2 116.1 111.8 108.5  95.5  86.9  83.2  84.0
        19.04 131.3 125.3 121.8 117.0 110.8 107.0  94.9  86.8  83.2  84.3
        19.22 137.2 131.1 126.9 118.9 109.4 105.3  94.4  86.6  83.2  84.6
        19.40 144.3 137.5 130.6 118.7 108.1 103.9  93.8  86.5  83.2  84.8
        19.58 130.7 124.6 120.9 114.9 106.8 102.9  93.2  86.2  83.3  85.2
        19.76 125.8 119.7 116.2 111.6 105.8 102.4  92.5  86.0  83.4  85.5
        19.94 123.3 117.2 113.7 109.4 104.9 102.0  91.7  85.7  83.5  85.9
        20.12 122.3 116.2 112.6 108.3 104.0 101.3  91.0  85.5  83.7  86.2
        20.30 122.7 116.6 112.9 108.0 103.0 100.1  90.4  85.3  83.8  86.6
        20.48 124.9 118.5 114.4 108.4 101.9  98.7  89.9  85.2  83.9  87.0
        20.65 128.5 121.4 116.4 108.7 100.7  97.3  89.4  85.1  84.0  87.4
        20.83 127.4 120.3 115.3 107.6  99.6  96.1  89.0  85.0  84.1  87.8
        21.01 122.0 115.6 111.5 105.4  98.5  95.2  88.6  85.0  84.1  88.3
        21.19 118.2 112.0 108.2 103.1  97.5  94.5  88.0  84.9  84.1  88.7
        21.37 116.0 109.8 106.1 101.3  96.5  94.0  87.4  84.8  84.1  89.2
        21.55 114.8 108.6 104.8 100.1  95.7  93.3  86.8  84.7  84.0  89.6
        21.73 114.3 108.0 104.3  99.4  94.8  92.5  86.2  84.6  84.0  90.1
        21.91 114.6 108.3 104.4  99.2  94.0  91.5  85.7  84.4  83.9  90.6
        22.09 115.8 109.3 105.1  99.1  93.2  90.5  85.3  84.3  83.9  91.1
        22.27 116.5 109.8 105.4  98.9  92.3  89.4  85.0  84.2  83.9  91.5
        22.44 115.7 109.0 104.6  98.1  91.4  88.5  84.8  84.1  84.0  92.0
        22.62 113.6 107.1 102.8  96.8  90.5  87.7  84.6  84.2  84.1  92.5
        22.80 111.0 104.6 100.7  95.2  89.6  87.0  84.4  84.2  84.2  93.0
        22.98 109.0 102.7  98.9  93.8  88.7  86.3  84.2  84.4  84.3  93.4
        23.16 107.7 101.5  97.6  92.6  87.8  85.7  84.0  84.5  84.5  93.9
        23.34 106.8 100.5  96.7  91.6  87.0  85.0  83.8  84.7  84.7  94.4
        23.52 106.1  99.9  96.0  90.9  86.2  84.2  83.8  84.8  84.9  94.8
        23.70 105.9  99.6  95.6  90.3  85.3  83.3  83.8  84.8  85.1  95.3
        23.88 105.6  99.2  95.2  89.7  84.5  82.5  84.1  84.7  85.4  95.7
        24.06 104.9  98.5  94.5  88.9  83.7  81.7  84.5  84.6  85.7  96.1
        24.23 103.9  97.5  93.5  88.0  83.0  81.1  85.1  84.5  86.0  96.6
        24.41 102.6  96.2  92.3  87.0  82.2  80.5  85.8  84.3  86.4  96.9
        24.59 101.1  94.8  90.9  85.9  81.5  80.0  86.7  84.1  86.8  97.3
        24.77  99.7  93.5  89.7  84.9  80.8  79.5  87.5  84.0  87.2  97.7
        24.95  98.7  92.4  88.7  84.0  80.2  79.2  88.1  83.9  87.7  98.0
        25.13  97.8  91.6  87.8  83.2  79.7  78.8  88.2  83.9  88.2  98.3
        25.31  97.1  90.9  87.2  82.6  79.2  78.5  87.7  84.0  88.8  98.7
        25.49  96.6  90.4  86.7  82.1  78.8  78.2  86.6  84.2  89.4  99.0
        25.67  96.3  90.1  86.4  81.8  78.4  78.0  85.2  84.5  90.0  99.3
        25.85  96.1  89.9  86.2  81.5  78.1  77.7  83.7  84.9  90.6  99.7
        26.02  96.0  89.8  86.0  81.3  77.9  77.6  82.3  85.4  91.2 100.0
        26.20  95.8  89.6  85.8  81.1  77.7  77.4  81.0  85.9  91.8 100.3
        26.38  95.6  89.3  85.5  80.8  77.5  77.4  80.0  86.3  92.4 100.7
        26.56  95.1  88.9  85.2  80.5  77.4  77.4  79.1  86.5  93.0 101.1
        26.74  94.6  88.4  84.7  80.1  77.2  77.6  78.5  86.5  93.6 101.4
        26.92  93.9  87.8  84.1  79.7  77.2  77.9  78.2  86.3  94.1 101.7
        27.10  93.3  87.1  83.5  79.3  77.1  78.3  78.1  86.0  94.7 102.1
        27.28  92.6  86.5  83.0  78.9  77.2  78.8  78.2  85.7  95.2 102.4
        27.46  92.1  86.0  82.5  78.6  77.2  79.4  78.7  85.5  95.8 102.7
        27.64  91.6  85.5  82.1  78.3  77.4  80.2  79.4  85.6  96.5 103.0
        27.81  91.2  85.1  81.7  78.1  77.6  81.0  80.4  85.9  97.1 103.2
        27.99  90.9  84.9  81.5  77.9  77.8  81.9  81.8  86.6  97.8 103.5
        28.17  90.6  84.7  81.3  77.9  78.0  82.9  83.5  87.7  98.5 103.8
        28.35  90.5  84.5  81.2  77.9  78.4  83.8  85.4  89.4  99.2 103.9
        28.53  90.5  84.5  81.2  77.9  78.7  84.8  87.1  91.6  99.8 104.1
        28.71  90.5  84.5  81.2  78.0  79.1  85.7  88.0  93.5 100.2 104.2
        28.89  90.6  84.6  81.4  78.2  79.5  86.5  87.8  92.6 100.5 104.4
        29.07  90.7  84.8  81.6  78.5  79.9  87.3  87.1  89.7 100.7 104.5
        29.25  91.0  85.0  81.8  78.8  80.4  88.0  86.4  87.0 100.8 104.5
        29.42  91.3  85.4  82.1  79.2  81.0  88.7  86.0  84.7 100.8 104.6
        29.60  91.6  85.7  82.5  79.6  81.7  89.4  85.7  83.0 100.8 104.7
        29.78  92.0  86.1  83.0  80.1  82.4  90.0  85.6  81.7 100.8 104.8
        29.96  92.5  86.6  83.4  80.7  83.3  90.7  85.6  80.7 100.9 104.9
        30.14  93.0  87.1  84.0  81.3  84.2  91.3  85.4  80.0 101.0 104.9
        30.32  93.5  87.7  84.5  81.9  85.1  92.1  85.2  79.5 101.1 104.9
        30.50  94.1  88.2  85.1  82.5  86.1  92.9  84.9  79.3 101.1 105.0
        30.68  94.6  88.8  85.7  83.2  87.0  93.9  84.6  79.3 100.9 105.1
        30.86  95.2  89.3  86.2  83.8  87.8  94.8  84.5  79.5 100.7 105.2
        31.04  95.7  89.9  86.8  84.4  88.6  95.7  84.5  80.0 100.4 105.2
        31.21  96.3  90.4  87.4  85.0  89.3  96.4  84.8  80.7 100.2 105.3
        31.39  96.8  91.0  87.9  85.6  89.9  96.9  85.3  81.7 100.1 105.4
        31.57  97.4  91.6  88.5  86.2  90.6  97.1  86.1  83.0 100.3 105.5
        31.75  98.0  92.2  89.1  86.8  91.3  97.3  87.2  84.7 100.9 105.6
        31.93  98.6  92.8  89.7  87.4  92.1  97.4  88.4  86.7 102.2 105.7
        32.11  99.2  93.4  90.3  88.1  93.0  97.7  89.5  88.9 104.7 105.8
        32.29  99.8  94.0  91.0  88.8  93.8  98.0  90.2  90.7 109.2 105.9
        32.47 100.4  94.6  91.6  89.4  94.7  98.6  90.4  91.2 110.2 106.0
        32.65 101.0  95.2  92.2  90.1  95.5  99.1  90.2  90.3 103.0 106.1
        32.83 101.6  95.9  92.9  90.8  96.3  99.7  90.0  89.1  97.9 106.2
        33.00 102.3  96.5  93.5  91.4  97.1 100.0  90.0  88.2  94.2 106.4
        33.18 102.9  97.1  94.2  92.1  98.0 100.2  90.4  87.7  91.3 106.5
        33.36 103.5  97.8  94.8  92.9  99.0 100.2  91.1  87.7  89.0 106.6
        33.54 104.2  98.4  95.5  93.6 100.3 100.2  92.2  88.2  87.0 106.7
        33.72 104.8  99.0  96.1  94.3 101.6 100.4  93.7  89.3  85.3 106.9
        33.90 105.3  99.6  96.7  94.9 103.0 100.9  95.2  91.0  83.9 107.0
        34.08 105.8 100.1  97.2  95.4 104.0 101.7  96.2  93.7  82.8 107.1
        34.50 106.7 101.0  98.0  96.2 104.0 105.4  95.7 117.4  80.7 107.2
        34.91 107.5 101.8  98.8  96.9 103.5 108.1  95.4  96.1  79.6 107.1
        35.33 108.5 102.8  99.8  98.0 105.1 105.6  98.0  92.5  79.3 106.8
        35.75 109.5 103.7 100.8  99.2 108.9 104.6 101.6  93.4  79.9 106.1
        36.17 110.1 104.3 101.4  99.7 109.4 106.4  99.1  98.6  81.4 105.3
        36.58 110.3 104.6 101.6  99.7 107.1 110.6  97.9 102.6  84.1 104.3
        37.00 110.6 104.8 101.8  99.9 106.6 112.0 100.7  96.5  87.9 102.9
        37.42 111.1 105.3 102.4 100.4 107.4 110.8 106.4  95.0  90.1 101.0
        37.84 111.7 105.9 103.0 101.1 108.2 111.3 101.4  97.1  88.2  98.8
        38.26 112.4 106.7 103.7 101.9 109.2 110.8  99.3 100.4  86.5  96.4
        38.67 113.2 107.4 104.5 102.9 111.9 109.1 102.0  97.2  86.1  94.1
        39.09 113.6 107.9 104.9 103.2 112.6 109.9 110.1  94.6  86.8  92.0
        39.51 113.7 108.0 105.0 103.1 109.7 115.8 102.7  94.7  88.1  90.2
        39.93 114.2 108.4 105.4 103.4 109.1 116.7 100.0  96.1  89.2  88.6
        40.34 115.1 109.4 106.4 104.8 112.7 109.6 102.8  95.5  89.0  87.3
        40.76 115.7 110.0 107.1 105.7 119.4 108.6 126.9  93.3  88.2  86.2
        41.18 115.5 109.8 106.8 105.0 111.9 112.7 102.3  92.3  87.8  85.3
        41.60 115.4 109.7 106.7 104.6 109.7 130.6  98.6  92.7  88.0  84.8
        42.01 116.0 110.2 107.3 105.4 112.3 112.2  99.8  93.3  88.6  84.4
        42.43 116.5 110.8 107.8 106.1 116.4 110.4 104.3  92.5  89.1  84.2
        42.85 116.4 110.7 107.6 105.4 109.8 115.2  99.2  91.3  89.2  84.3
        43.27 117.2 111.4 108.3 105.7 107.3 110.6  95.2  90.7  88.7  84.5
        43.68 120.2 114.6 111.7 110.2 108.5 103.9  94.5  91.0  88.2  84.9
        44.10 121.9 116.5 114.1 115.4 108.3 101.3  95.9  91.4  87.9  85.5
        44.52 117.4 111.5 108.3 105.3 103.5 100.7  95.5  91.2  88.0  86.1
        44.94 115.2 109.3 105.9 102.2 100.5 100.1  92.6  90.5  88.3  86.8
        45.36 116.8 110.8 107.3 103.2  99.6  97.8  90.9  90.1  88.6  87.5
        45.77 127.0 120.9 116.8 108.9  99.3  95.3  90.8  90.3  88.8  88.2
        46.19 120.5 114.4 110.7 105.1  97.5  93.8  91.2  90.7  88.7  88.7
        46.61 113.2 107.1 103.5  99.0  95.0  92.8  90.5  91.0  88.5  89.0
        47.03 111.1 105.0 101.3  96.8  93.1  91.6  89.2  90.8  88.4  89.2
        47.44 112.2 105.9 102.0  96.9  92.1  90.0  88.7  90.3  88.5  89.3
        47.86 115.1 108.4 104.1  97.7  91.2  88.6  89.4  90.0  88.7  89.3
        48.28 112.5 106.0 101.9  96.0  90.1  87.5  90.7  89.9  89.2  89.4
        48.70 108.4 102.1  98.3  93.3  88.7  86.7  91.7  90.0  89.7  89.5
        49.11 106.4 100.2  96.4  91.6  87.5  86.0  92.6  90.0  90.1  89.7
        49.53 106.3 100.0  96.2  91.1  86.7  85.1  94.6  89.8  90.5  90.0
        49.95 106.8 100.4  96.4  91.0  86.0  84.3  98.3  89.2  90.6  90.3
        50.37 106.0  99.6  95.6  90.2  85.3  83.7  97.1  88.6  90.5  90.8
        50.79 103.9  97.6  93.8  88.8  84.6  83.4  92.4  88.3  90.2  91.3
        51.20 102.1  95.9  92.2  87.5  84.0  83.3  89.2  88.5  89.9  91.9
        51.62 101.3  95.1  91.4  86.8  83.6  83.3  86.9  89.6  89.7  92.5
        52.04 101.0  94.8  91.1  86.6  83.4  83.3  84.9  92.0  89.6  93.2
        52.46 101.0  94.8  91.1  86.5  83.4  83.5  83.6  96.2  89.8  93.9
        52.87 100.8  94.6  90.9  86.3  83.4  83.7  82.9  99.7  90.1  94.6
        53.29 100.1  93.9  90.3  85.9  83.3  84.1  82.9  93.5  90.6  95.3
        53.71  99.3  93.2  89.6  85.4  83.3  84.4  83.6  88.4  91.2  96.0
        54.13  98.7  92.6  89.0  85.0  83.2  84.7  84.6  85.2  91.6  96.7
        54.54  98.4  92.3  88.8  84.7  83.1  85.0  85.6  83.5  92.0  97.3
        54.96  98.3  92.2  88.7  84.7  83.2  85.3  86.4  83.1  92.5  98.0
        55.38  98.4  92.3  88.7  84.8  83.4  85.8  86.9  84.0  93.3  98.6
        55.80  98.3  92.2  88.7  84.8  83.7  86.5  87.4  86.7  94.6  99.1
        56.21  98.1  92.0  88.5  84.8  84.1  87.5  88.6  91.4  96.0  99.7
        56.63  97.7  91.6  88.2  84.6  84.4  88.8  91.2  93.4  96.7 100.2
        57.05  97.2  91.2  87.8  84.4  84.7  90.1  96.4  90.1  96.4 100.6
        57.47  96.8  90.9  87.5  84.3  85.1  91.8 105.5  88.6  96.6 101.0
        57.89  96.6  90.7  87.4  84.3  85.7  94.0 101.3  88.8  98.4 101.4
        58.30  96.5  90.6  87.4  84.4  86.4  96.8  97.4  88.8 105.0 101.7
        58.72  96.6  90.7  87.5  84.7  87.2 100.0  94.6  87.2 108.2 102.0
        59.14  96.7  90.9  87.7  84.9  87.8 102.6  92.0  85.5  96.7 102.4
        59.56  97.0  91.1  88.0  85.3  88.3 103.3  90.4  85.0  92.1 102.8
        59.97  97.4  91.6  88.4  85.8  88.9 102.7  90.1  86.0  89.7 103.2
        60.39  98.0  92.2  89.0  86.5  89.9 101.8  90.8  88.6  88.6 103.6
        60.81  98.8  92.9  89.8  87.3  91.3 101.5  91.1  92.7  88.2 104.1
        61.23  99.6  93.8  90.7  88.3  92.7 101.9  90.5  93.4  87.4 104.5
        61.64 100.5  94.7  91.6  89.3  94.0 102.4  90.3  90.9  85.9 104.9
        62.06 101.4  95.6  92.5  90.3  95.3 102.9  91.4  89.9  84.2 105.3
        62.48 102.3  96.5  93.4  91.2  96.5 103.7  93.4  91.3  82.8 105.8
        62.90 103.2  97.4  94.4  92.2  97.4 104.9  93.8  96.1  82.0 106.3
        63.31 104.2  98.5  95.4  93.2  98.5 104.6  93.1 110.3  82.1 107.1
        63.73 105.4  99.6  96.6  94.6 100.4 103.0  93.8  96.9  83.1 108.0
        64.15 106.6 100.9  97.9  96.1 103.6 102.5  96.8  92.6  85.3 109.1
        64.57 107.4 101.7  98.8  97.0 105.5 104.4  98.3  92.1  89.6 110.0
        64.99 108.0 102.2  99.2  97.3 104.2 109.2  95.7  94.5  99.7 110.4
        65.40 108.5 102.8  99.8  97.8 104.2 109.4  95.3  99.4  98.8 110.4
        65.82 109.3 103.6 100.6  98.8 106.7 105.8  99.4  97.5  90.8 110.3
        66.24 109.8 104.1 101.1  99.4 108.2 106.4 109.5  93.4  88.0 111.2
        66.66 110.0 104.3 101.3  99.3 105.4 113.6  97.4  92.1  87.3 114.2
        67.07 110.6 104.8 101.8  99.8 105.1 111.7  94.3  93.0  87.9 127.0
        67.49 111.5 105.8 102.9 101.3 110.0 104.6  95.7  95.1  89.7 114.4
        67.91 111.8 106.1 103.2 101.8 113.6 103.4 102.5  95.5  92.5 105.8
        68.33 111.2 105.4 102.3 100.0 103.8 106.0  98.5  93.6  94.7 100.8
        68.80 111.4 105.5 102.4  99.6 100.9 104.5  92.7  92.5  93.3  96.7
        69.28 114.5 108.8 105.9 103.8 102.3  98.7  92.2  93.1  91.1  93.7
        69.76 117.1 111.7 109.4 110.9 103.1  96.3  95.4  94.7  90.2  91.3
        70.24 112.0 106.1 102.9  99.8  98.3  96.3  95.2  94.9  90.4  89.6
        70.71 110.1 104.2 100.8  97.2  95.7  95.9  91.4  93.6  91.3  88.2
        71.19 112.9 106.9 103.4  99.4  95.7  93.6  90.7  93.0  92.2  87.2
        71.67 129.8 126.0 123.1 108.4  96.2  91.9  92.7  93.6  92.1  86.6
        72.15 113.4 107.4 103.9  99.5  94.3  91.2  94.2  94.8  91.4  86.2
        72.62 108.8 102.8  99.2  95.0  92.0  90.9  92.4  95.3  90.7  86.1
        73.10 109.1 102.9  99.3  94.7  91.1  89.8  92.1  94.4  90.6  86.3
        73.58 113.7 107.2 103.1  97.1  91.0  88.5  95.0  93.4  90.9  86.7
        74.05 114.1 107.5 103.3  96.9  90.5  87.9 102.6  92.9  91.7  87.3
        74.53 108.2 102.0  98.3  93.6  89.4  87.8 105.9  92.7  92.5  88.1
        75.01 106.3 100.1  96.5  92.0  88.6  87.7 108.6  92.4  92.9  89.1
        75.49 107.2 101.0  97.2  92.4  88.5  87.3 103.4  91.6  93.0  90.2
        75.96 109.8 103.4  99.4  93.8  88.6  86.9  94.3  90.4  92.8  91.2
        76.44 109.3 102.9  98.9  93.4  88.5  87.0  90.6  89.5  92.7  92.2
        76.92 106.1  99.9  96.2  91.5  88.0  87.3  89.3  89.6  92.6  92.9
        77.40 104.4  98.3  94.6  90.3  87.5  87.6  88.9  91.1  92.8  93.3
        77.87 104.2  98.1  94.5  90.1  87.3  87.5  88.2  94.4  93.0  93.5
        78.35 105.1  98.9  95.2  90.5  87.3  87.3  87.3 101.2  93.2  93.5
        78.83 105.7  99.4  95.6  90.7  87.2  87.0  86.9 104.6  93.5  93.5
        79.31 104.7  98.5  94.7  90.1  86.9  86.9  87.2  94.8  93.8  93.5
        79.78 103.0  96.9  93.3  88.9  86.4  87.1  87.8  89.9  94.1  93.5
        80.26 101.9  95.8  92.2  88.1  86.1  87.4  88.1  87.1  94.4  93.7
        80.74 101.5  95.4  91.8  87.8  86.1  87.6  88.0  85.9  94.4  94.0
        81.21 101.7  95.6  92.1  88.0  86.2  87.9  87.6  85.9  94.0  94.3
        81.69 102.2  96.1  92.5  88.4  86.5  88.1  87.4  87.1  93.1  94.7
        82.17 102.5  96.4  92.8  88.6  86.7  88.4  87.9  89.3  92.3  95.2
        82.65 102.3  96.2  92.6  88.6  86.9  88.8  89.1  92.0  92.4  95.7
        83.12 101.8  95.7  92.2  88.3  87.0  89.4  90.7  93.3  93.7  96.2
        83.60 101.3  95.3  91.8  88.0  87.2  90.3  92.1  92.8  96.5  96.8
        84.08 101.1  95.1  91.6  88.0  87.6  91.4  93.3  93.0  97.2  97.4
        84.56 101.1  95.1  91.7  88.2  88.1  92.6  94.7  95.5  93.7  98.0
        85.03 101.2  95.2  91.8  88.4  88.5  93.6  97.1  97.6  91.1  98.6
        85.51 101.3  95.3  92.0  88.5  88.9  94.4 101.6  93.5  90.3  99.2
        85.99 101.3  95.3  91.9  88.6  89.1  95.2 109.3  90.7  91.5  99.7
        86.46 101.1  95.1  91.8  88.5  89.3  96.1 112.8  90.6  94.4 100.2
        86.94 100.8  94.8  91.5  88.3  89.4  97.0 124.5  92.3  94.2 100.6
        87.42 100.4  94.5  91.2  88.1  89.5  97.8 104.3  91.5  89.8 101.0
        87.90 100.2  94.3  91.0  88.0  89.8  99.1  98.0  88.3  86.8 101.4
        88.37 100.1  94.2  91.0  88.1  90.4 101.9  96.2  86.8  85.3 101.7
        88.85 100.2  94.4  91.1  88.4  91.4 107.1  97.1  87.7  85.0 102.0
        89.33 100.3  94.5  91.3  88.7  92.0 114.9  96.2  91.5  85.6 102.4
        89.81 100.5  94.6  91.4  88.8  92.1 112.3  92.6  98.0  86.4 102.9
        90.28 100.7  94.9  91.7  89.2  92.6 107.7  91.3  93.0  87.0 103.3
        90.76 101.3  95.5  92.3  89.9  93.9 105.5  93.4  89.5  87.1 103.7
        91.24 101.9  96.1  93.0  90.6  95.3 106.9  98.8  89.1  87.6 103.9
        91.72 102.4  96.6  93.5  91.0  95.2 117.9  93.6  91.4  89.2 104.0
        92.19 103.2  97.3  94.2  91.8  95.3 105.4  90.1  97.6  93.0 104.2
        92.67 104.5  98.7  95.7  93.5  98.1  99.6  90.9 105.4 101.8 104.7
        93.15 105.8 100.1  97.1  95.5 106.4  98.6  98.4  95.8  97.2 105.6
        93.62 105.8 100.0  97.0  94.8 100.2 101.5  99.5  92.7  91.0 107.1
        94.10 105.7  99.8  96.7  94.0  96.1 102.8  91.0  92.4  88.2 108.9
        94.58 107.4 101.6  98.4  95.8  96.6  96.8  89.9  94.3  87.4 110.0
        95.06 111.2 105.7 103.0 102.8 101.4  94.0  93.5  98.4  87.9 108.8
        95.53 110.2 104.5 101.6 100.0  99.2  93.8 101.1 100.5  90.0 106.8
        96.01 107.0 101.1  97.8  94.7  94.3  94.7  93.3  97.1  94.1 105.3
        96.49 107.0 101.0  97.7  94.2  93.1  93.7  90.9  95.0 101.3 104.5
        96.97 111.3 105.4 102.2  98.6  94.5  91.6  93.0  94.9  98.2 104.1
        97.44 119.9 115.2 114.3 112.0  95.7  90.7 100.6  96.4  93.4 103.5
        97.92 109.8 103.8 100.4  96.7  93.4  91.1  98.3  98.7  91.3 101.8
        98.40 106.8 100.8  97.3  93.5  91.5  91.4  95.0  99.4  90.8  99.1
        98.88 108.1 102.1  98.5  94.4  91.4  90.5  97.6  97.3  91.5  96.4
        99.35 115.6 109.3 105.3  99.3  92.4  89.5 109.9  94.9  92.9  94.1
        99.83 116.7 110.3 106.2  99.7  92.4  89.4  99.7  93.3  94.6  92.1
       100.31 108.2 102.1  98.6  94.3  91.1  90.0  97.0  92.6  95.3  90.6
